const HOUSES = [
  [
    [53,54,55,-1],
    [65,66,67,-1],
    [77,90,80,-1],
    [-1,-1,-1,-1],
  ],
  [
    [49,50,51,-1,],
    [61,62,63,-1,],
    [73,86,76,-1,],
    [-1,-1,-1,-1,],
  ], // house 1
  [
    [53,56,55,-1,],
    [65,68,67,-1,],
    [77,90,80,-1,],
    [-1,-1,-1,-1,],
  ],
  [
    [49,52,51,-1,],
    [61,64,63,-1,],
    [73,86,76,-1,],
    [-1,-1,-1,-1,],
  ], // house 2
  [
    [53,54,56,55,-1,],
    [65,66,68,67,-1,],
    [77,78,89,80,-1,],
    [77,78,90,80,-1,],
    [-1,-1,-1,-1,-1,],
  ],
  [
    [49,50,52,51,-1,],
    [61,62,64,63,-1,],
    [73,74,85,76,-1,],
    [73,74,86,76,-1,],
    [-1,-1,-1,-1,-1,],
  ], // house 3
  [
    [53,56,54,55,-1,],
    [65,68,66,67,-1,],
    [77,89,78,80,-1,],
    [77,90,78,80,-1,],
    [-1,-1,-1,-1,-1,],
  ],
  [
    [49,52,50,51,-1,],
    [61,64,62,63,-1,],
    [73,85,74,76,-1,],
    [73,86,74,76,-1,],
    [-1,-1,-1,-1,-1,],
  ], // house 4
  [
    [53,54,54,55,-1,],
    [65,66,66,67,-1,],
    [77,89,89,80,-1,],
    [77,91,92,80,-1,],
    [-1,-1,-1,-1,-1,],
  ],
  [
    [49,50,50,51,-1,],
    [61,62,62,63,-1,],
    [73,85,85,76,-1,],
    [73,87,88,76,-1,],
    [-1,-1,-1,-1,-1,],
  ], // house 5
  [
    [53,54,54,55,-1,],
    [65,66,66,67,-1,],
    [77,89,78,80,-1,],
    [77,90,78,80,-1,],
    [-1,-1,-1,-1,-1,],
  ],
  [
    [49,50,50,51,-1,],
    [61,62,62,63,-1,],
    [73,85,74,76,-1,],
    [73,86,74,76,-1,],
    [-1,-1,-1,-1,-1,],
  ], // house 6
  [
    [53,54,54,55,-1,],
    [65,66,66,67,-1,],
    [77,78,89,80,-1,],
    [77,78,90,80,-1,],
    [-1,-1,-1,-1,-1,],
  ],
  [
    [49,50,50,51,-1,],
    [61,62,62,63,-1,],
    [73,74,85,76,-1,],
    [73,74,86,76,-1,],
    [-1,-1,-1,-1,-1,],
  ], // house 7
  [
    [53,54,54,56,55,-1,],
    [65,68,66,68,67,-1,],
    [77,89,78,89,80,-1,],
    [77,89,78,89,80,-1,],
    [77,78,90,78,80,-1,],
    [-1,-1,-1,-1,-1,-1,],
  ],
  [
    [49,50,50,52,51,-1,],
    [61,64,62,64,63,-1,],
    [73,85,74,85,76,-1,],
    [73,85,74,85,76,-1,],
    [73,74,86,74,76,-1,],
    [-1,-1,-1,-1,-1,-1,],
  ], // house 8
  [
    [53,54,54,56,55,-1,],
    [65,66,66,66,67,-1,],
    [77,89,89,78,80,-1,],
    [77,78,78,78,80,-1,],
    [77,91,92,78,80,-1,],
    [-1,-1,-1,-1,-1,-1,],
  ],
  [
    [49,50,50,52,51,-1,],
    [61,62,62,62,63,-1,],
    [73,85,85,74,76,-1,],
    [73,74,74,74,76,-1,],
    [73,87,88,74,76,-1,],
    [-1,-1,-1,-1,-1,-1,],
  ], // house 9
  [
    [53,56,54,54,55,-1,],
    [65,66,66,66,67,-1,],
    [77,78,89,89,80,-1,],
    [77,78,78,78,80,-1,],
    [77,78,91,92,80,-1,],
    [-1,-1,-1,-1,-1,-1,],
  ],
  [
    [49,52,50,50,51,-1,],
    [61,62,62,62,63,-1,],
    [73,74,85,85,76,-1,],
    [73,74,74,74,76,-1,],
    [73,74,87,88,76,-1,],
    [-1,-1,-1,-1,-1,-1,],
  ], // house 10
  [
    [53,56,54,55,-1,],
    [65,66,66,67,-1,],
    [77,91,92,80,-1,],
    [-1,-1,-1,-1,-1,],
  ],
  [
    [49,52,50,51,-1,],
    [61,62,62,63,-1,],
    [73,87,88,76,-1,],
    [-1,-1,-1,-1,-1,],
  ], // house 11
  [
    [53,54,56,55,-1,],
    [65,66,68,67,-1,],
    [77,90,89,80,-1,],
    [-1,-1,-1,-1,-1,],
  ],
  [
    [49,50,52,51,-1,],
    [61,62,64,63,-1,],
    [73,86,85,76,-1,],
    [-1,-1,-1,-1,-1,],
  ], // house 12
  [
    [53,56,54,55,-1,],
    [65,68,66,67,-1,],
    [77,89,90,80,-1,],
    [-1,-1,-1,-1,-1,],
  ],
  [
    [49,52,50,51,-1,],
    [61,64,62,63,-1,],
    [73,85,86,76,-1,],
    [-1,-1,-1,-1,-1,],
  ], // house 13
  [
    [53,54,54,55,-1,],
    [65,66,68,67,-1,],
    [77,89,90,80,-1,],
    [-1,-1,-1,-1,-1,],
  ],
  [
    [49,50,50,51,-1,],
    [61,62,64,63,-1,],
    [73,85,86,76,-1,],
    [-1,-1,-1,-1,-1,],
  ], // house 14
  [
    [53,56,55,-1,],
    [65,68,67,-1,],
    [77,89,80,-1,],
    [77,90,80,-1,],
    [-1,-1,-1,-1,],
  ],
  [
    [49,52,51,-1,],
    [61,64,63,-1,],
    [73,85,76,-1,],
    [73,86,76,-1,],
    [-1,-1,-1,-1,],
  ], // house 15
  [
    [53,54,55,-1,],
    [65,66,67,-1,],
    [77,89,80,-1,],
    [77,90,80,-1,],
    [-1,-1,-1,-1,],
  ],
  [
    [49,50,51,-1,],
    [61,62,63,-1,],
    [73,85,76,-1,],
    [73,86,76,-1,],
    [-1,-1,-1,-1,],
  ], // house 16
  [
    [53,54,56,55,-1,],
    [65,66,66,67,-1,],
    [77,91,92,80,-1,],
    [-1,-1,-1,-1,-1,],
  ],
  [
    [49,50,52,51,-1,],
    [61,62,62,63,-1,],
    [73,87,88,76,-1,],
    [-1,-1,-1,-1,-1,],
  ], // house 17
  [
    [53,54,54,56,55,-1,],
    [65,68,66,68,67,-1,],
    [77,89,90,89,80,-1,],
    [-1,-1,-1,-1,-1,-1,],
  ],
  [
    [49,50,50,52,51,-1,],
    [61,64,62,64,63,-1,],
    [73,85,86,85,76,-1,],
    [-1,-1,-1,-1,-1,-1,],
  ], // house 18
  [
    [53,54,54,56,55,-1,],
    [65,66,66,68,67,-1,],
    [77,91,92,89,80,-1,],
    [-1,-1,-1,-1,-1,-1,],
  ],
  [
    [49,50,50,52,51,-1,],
    [61,62,62,64,63,-1,],
    [73,87,88,85,76,-1,],
    [-1,-1,-1,-1,-1,-1,],
  ], // house 19
  [
    [53,56,55,-1,],
    [65,68,67,-1,],
    [77,89,80,-1,],
    [77,78,80,-1,],
    [77,90,80,-1,],
    [-1,-1,-1,-1,],
  ],
  [
    [49,52,51,-1,],
    [61,64,63,-1,],
    [73,85,76,-1,],
    [73,74,76,-1,],
    [73,86,76,-1,],
    [-1,-1,-1,-1,],
  ], // house 20
  [
    [53,54,54,56,55,-1,],
    [65,68,66,68,67,-1,],
    [77,89,78,89,80,-1,],
    [77,78,90,78,80,-1,],
    [-1,-1,-1,-1,-1,-1,],
  ],
  [
    [49,50,50,52,51,-1,],
    [61,64,62,64,63,-1,],
    [73,85,74,85,76,-1,],
    [73,74,86,74,76,-1,],
    [-1,-1,-1,-1,-1,-1,],
  ], // house 21
  [
    [53,56,54,54,55,-1,],
    [65,66,66,66,67,-1,],
    [77,78,89,89,80,-1,],
    [77,78,91,92,80,-1,],
    [-1,-1,-1,-1,-1,-1,],
  ],
  [
    [49,52,50,50,51,-1,],
    [61,62,62,62,63,-1,],
    [73,74,85,85,76,-1,],
    [73,74,87,88,76,-1,],
    [-1,-1,-1,-1,-1,-1,],
  ], // house 22
  [
    [53,54,54,56,55,-1,],
    [65,66,66,66,67,-1,],
    [77,89,89,78,80,-1,],
    [77,91,92,78,80,-1,],
    [-1,-1,-1,-1,-1,-1,],
  ],
  [
    [49,50,50,52,51,-1,],
    [61,62,62,62,63,-1,],
    [73,85,85,74,76,-1,],
    [73,87,88,74,76,-1,],
    [-1,-1,-1,-1,-1,-1,],
  ], // house 23
  [
    [53,54,54,54,56,55,-1,],
    [65,68,68,66,68,67,-1,],
    [77,89,89,78,89,80,-1,],
    [77,78,78,78,78,80,-1,],
    [77,89,89,78,89,80,-1,],
    [77,91,92,78,90,80,-1,],
    [-1,-1,-1,-1,-1,-1,-1,],
  ],
  [
    [49,50,50,50,52,51,-1,],
    [61,64,64,62,64,63,-1,],
    [73,85,85,74,85,76,-1,],
    [73,74,74,74,74,76,-1,],
    [73,85,85,74,85,76,-1,],
    [73,87,88,74,86,76,-1,],
    [-1,-1,-1,-1,-1,-1,-1,],
  ], // house 24
  [
    [53,54,54,54,54,55,-1,],
    [65,66,66,66,66,67,-1,],
    [77,78,78,78,78,80,-1,],
    [77,78,89,78,78,80,-1,],
    [77,78,78,78,78,80,-1,],
    [77,78,91,92,78,80,-1,],
    [-1,-1,-1,-1,-1,-1,-1,],
  ],
  [
    [49,50,50,50,50,51,-1,],
    [61,62,62,62,62,63,-1,],
    [73,74,74,74,74,76,-1,],
    [73,74,85,74,74,76,-1,],
    [73,74,74,74,74,76,-1,],
    [73,74,87,88,74,76,-1,],
    [-1,-1,-1,-1,-1,-1,-1,],
  ], // house 25
  [
    [53,54,54,54,54,55,-1,],
    [65,66,66,66,66,67,-1,],
    [77,78,78,78,78,80,-1,],
    [77,78,78,78,78,80,-1,],
    [77,78,78,78,78,80,-1,],
    [77,78,91,92,78,80,-1,],
    [-1,-1,-1,-1,-1,-1,-1,],
  ],
  [
    [53,54,54,54,54,55,-1,],
    [65,68,66,66,68,67,-1,],
    [77,89,78,78,89,80,-1,],
    [77,78,78,78,78,80,-1,],
    [77,89,78,78,89,80,-1,],
    [77,78,91,92,78,80,-1,],
    [-1,-1,-1,-1,-1,-1,-1,],
  ], 
  [
    [49,50,50,50,50,51,-1,],
    [61,64,62,62,64,63,-1,],
    [73,85,74,74,85,76,-1,],
    [73,74,74,74,74,76,-1,],
    [73,85,74,74,85,76,-1,],
    [73,74,87,88,74,76,-1,],
    [-1,-1,-1,-1,-1,-1,-1,],
  ], // house 26
  [
    [49,50,50,50,50,51,-1,],
    [61,62,62,62,62,63,-1,],
    [73,74,74,74,74,76,-1,],
    [73,74,74,74,74,76,-1,],
    [73,74,74,74,74,76,-1,],
    [73,74,87,88,74,76,-1,],
    [-1,-1,-1,-1,-1,-1,-1,],
  ], // house 42
];
export default HOUSES;